-174.322 30.0381 474.259
-138.276 31.1773 485.534
-102.23 32.3484 496.815
-66.1891 33.3685 508.068
-30.1454 34.4686 519.336
5.89065 35.3785 530.568
41.9326 36.4347 541.827
-178.336 33.2942 494.561
-141.3 33.7379 501.125
-104.271 34.0194 507.661
-67.2425 34.2782 514.193
-30.2113 34.6081 520.738
6.81676 34.8541 527.268
43.8378 34.914 533.765
-179.347 36.0998 511.75
-141.861 35.5704 512.958
-104.376 34.9849 514.156
-66.8929 34.3689 515.348
-29.4091 33.7679 516.542
8.07273 33.1037 517.724
45.5563 32.4959 518.918
-178.828 38.5429 528.532
-141.742 36.8865 522.936
-104.657 35.2361 517.342
-67.5713 33.5794 511.746
-30.4868 31.8886 506.143
6.59575 30.1264 500.525
43.6787 28.3777 494.911
-192.027 30.5511 476.004
-154.54 29.6824 475.513
-117.052 28.8457 475.029
-79.5643 28.0049 474.544
-42.0798 27.0535 474.037
-4.59617 26.0699 473.525
32.8898 25.168 473.028
-191.505 31.9152 485.519
-154.078 30.9272 483.375
-116.655 29.7744 481.202
-79.2312 28.6502 479.034
-41.8086 27.4869 476.859
-4.3869 26.2894 474.679
33.0346 25.0839 472.497
-191.867 29.5822 470.562
-154.407 29.166 472.564
-116.946 28.7405 474.565
-79.4857 28.3149 476.567
-42.0271 27.8299 478.557
-4.57064 27.2786 480.537
32.8885 26.8111 482.53
-186.224 24.233 434.874
-149.628 24.9541 443.84
-113.032 25.6485 452.802
-76.4388 26.2934 461.755
-39.8441 26.971 470.714
-3.25463 27.5257 479.652
33.3351 28.0851 488.591
-194.324 21.8846 420.846
-156.86 21.5809 422.884
-119.397 21.257 424.918
-81.9347 20.9053 426.947
-44.4739 20.5069 428.968
-7.01435 20.0712 430.981
30.4434 19.5764 432.983
-196.611 24.0051 431.769
-159.119 23.5499 432.815
-121.627 23.0491 433.851
-84.1366 22.5233 434.882
-46.6467 21.9712 435.908
-9.15926 21.3407 436.918
28.3284 20.7152 437.929
-221.129 27.8423 456.033
-184.402 25.9618 448.292
-147.674 24.0628 440.548
-110.948 22.138 432.8
-74.2215 20.1715 425.045
-37.4954 18.2026 417.289
-0.770461 16.1691 409.523
-174.322 30.0381 474.259
-138.276 31.1773 485.534
-102.23 32.3484 496.815
-66.1891 33.3685 508.068
-30.1454 34.4686 519.336
5.89065 35.3785 530.568
41.9326 36.4347 541.827
-178.336 33.2907 494.56
-141.3 33.7364 501.125
-104.271 34.0194 507.661
-67.2424 34.2801 514.194
-30.2111 34.6117 520.739
6.81697 34.8597 527.269
43.8381 34.9223 533.767
-179.347 36.0998 511.75
-141.861 35.5704 512.958
-104.376 34.9849 514.156
-66.8929 34.3689 515.348
-29.4091 33.7679 516.542
8.07273 33.1037 517.724
45.5563 32.4959 518.918
-178.828 38.5429 528.532
-141.742 36.8865 522.936
-104.657 35.2361 517.342
-67.5713 33.5794 511.746
-30.4868 31.8886 506.143
6.59575 30.1264 500.525
43.6787 28.3777 494.911
-192.027 30.5539 476.004
-154.54 29.683 475.513
-117.052 28.8443 475.029
-79.5644 28.0014 474.543
-42.0799 27.0479 474.036
-4.59639 26.0623 473.523
32.8895 25.1582 473.026
-191.505 31.9218 485.521
-154.078 30.9315 483.376
-116.655 29.7764 481.202
-79.2312 28.6497 479.034
-41.8086 27.4844 476.859
-4.38702 26.2847 474.678
33.0344 25.0769 472.496
-191.866 29.6202 470.568
-154.406 29.1843 472.568
-116.946 28.7391 474.565
-79.4864 28.2935 476.563
-42.0284 27.789 478.55
-4.57259 27.2177 480.526
32.8859 26.731 482.516
-186.224 24.233 434.874
-149.628 24.9541 443.84
-113.032 25.6485 452.802
-76.4388 26.2934 461.755
-39.8441 26.971 470.714
-3.25463 27.5257 479.652
33.3351 28.0851 488.591
-194.324 21.887 420.846
-156.86 21.582 422.884
-119.397 21.2567 424.918
-81.9348 20.9035 426.947
-44.474 20.5041 428.967
-7.01448 20.067 430.98
30.4432 19.5713 432.982
-196.611 24.0075 431.769
-159.119 23.5494 432.814
-121.627 23.0458 433.85
-84.1368 22.5171 434.881
-46.647 21.9619 435.906
-9.15962 21.3287 436.915
28.3279 20.6994 437.925
-221.129 27.8423 456.033
-184.402 25.9618 448.292
-147.674 24.0628 440.548
-110.948 22.138 432.8
-74.2215 20.1715 425.045
-37.4954 18.2026 417.289
-0.770461 16.1691 409.523
